1000
-50404 15099
-41783 -4242
94348 82247
25290 -81020
57734 43466
-28718 2302
-71660 -40004
82188 65101
7528 -59003
65561 -10508
22564 -20634
53774 -12147
80595 -39679
-85828 -62735
33468 85225
10979 -44794
1942 -85267
-3127 -33385
-55507 -97383
-44001 -63630
66764 -24338
43485 -75738
10139 -98620
21381 -29687
-21675 -60617
-23526 -38317
78470 4269
47636 -31663
-6515 -21578
-52016 -2837
70694 35357
7394 9200
-85790 92568
-40850 -42911
-56582 46978
44501 74815
16042 34008
-86865 98510
-47302 62240
1320 28043
42280 32753
82290 -56321
1446 47484
-93354 73810
43914 74102
-95277 -25278
-99868 1036
-73474 -96838
-88338 18846
-13308 62009
21381 -98146
54119 17410
67985 -35447
-91998 10342
28509 -12861
-7008 56217
34930 -72286
77170 -7554
35462 19969
49678 20560
33613 -96933
60329 24776
73762 -19743
-85057 -2855
45463 -49505
32675 -64465
-71125 -93713
30107 94904
-63908 68735
-98979 39899
-71701 14630
8579 2925
-58355 77262
-23870 -25376
-55744 -63795
-22155 -4877
26493 -96116
-10481 33247
84944 90802
80167 12818
-11055 62400
-45466 -2942
-86112 3979
-91746 97625
43965 2801
-68136 -72577
-5363 3527
66065 64567
68184 67267
99668 -54367
75293 -81954
91110 -90734
78742 -25987
-9241 -65942
38320 23293
59577 74938
-86011 73907
56697 43129
-29400 -92529
39069 -8983
-80044 19373
35211 35392
-79878 -84297
45135 28603
54217 73065
-40070 -32676
88319 -68391
90787 60264
-37425 -79492
5553 73745
-74828 83098
51943 75205
-6360 67859
-17744 31369
73157 -86712
-34150 -77957
96485 53431
-84756 5007
-34302 -51524
-9176 28261
-1460 -8475
-3852 8202
3429 17541
-90368 68966
-35072 -92383
98395 15908
-92660 -84983
54429 -74281
97687 20035
-87034 -80379
-76203 -19858
-39264 -43321
-29821 41829
5892 -43863
43188 50524
-88940 -83480
-55322 84151
-46954 86529
85112 15851
-1415 -79658
-99826 93946
80737 62173
11766 77312
-4550 -55048
47944 -93707
48973 -67169
-41204 -39139
51492 -68002
-80434 36371
35615 99484
33374 -4651
-28595 -93861
47638 -36002
61142 -67376
61659 20225
-41399 61522
-13111 76954
-88007 -42326
-64901 23943
-67149 -60749
80301 37578
-84680 95116
32046 57470
59815 12957
-2420 58742
-61298 -38211
70671 13513
-65490 2066
-79968 69814
61316 -46790
20243 -59351
69034 -36617
95751 43328
-25455 -616
23965 69064
-96089 74788
-788 36927
-6312 -15298
80341 44363
6048 69153
-64595 91004
11842 40157
-50787 4692
-3231 72347
-32143 69927
-63915 -49239
-14817 -20941
-47855 9205
99532 29407
-43744 84961
29347 93645
-5294 -76941
-3892 -13303
-13391 -64700
28709 88833
43978 -94933
-95920 -80046
-91016 28007
-38843 -63888
-55279 -59029
76580 -46808
77382 37370
98689 -2154
97297 -49684
95609 -20013
9594 23937
37396 59615
54616 90574
-30203 -50987
97363 36194
79684 28561
46716 3048
-69088 -19118
-82255 -25620
68415 -59545
80440 76433
-13429 61186
23573 53018
-99058 -42315
-66469 74445
17840 37508
22562 33765
-60417 -69995
50721 -66574
64143 66198
-2827 -88967
-48833 -88294
31032 -90242
46464 -20392
-93412 -8894
35247 87496
-11154 -74971
-66858 -72729
23534 -46488
58132 77685
-64113 -88918
-38958 70752
18492 -82090
87191 78701
-87865 6654
-89742 8491
-87758 97689
-36346 -99051
-18292 -66831
90618 -64481
-58205 -66118
-630 -14848
-75082 30119
14631 90238
-75155 6144
4005 -72329
95077 -41669
55428 24349
-57588 -72452
-32042 -1659
14251 -94631
14364 84840
-51234 89591
-84258 -87606
-8624 22813
-54966 80011
-39617 63495
32330 36314
-45540 11449
61998 73055
91022 45057
3284 48228
-80605 -32901
49983 -85366
75045 -73252
47220 -67902
90590 32781
47404 90235
-88072 -51240
53430 97506
91907 -5091
-23787 -77972
-93605 53965
59612 77432
-41275 26228
-51868 1087
63908 -8277
-49131 -72738
-95495 -15214
-61690 91207
-33005 -37468
-82012 -83872
57453 88732
-20481 -18041
97806 84158
55442 22534
-32205 -33585
3687 43604
-48565 -56040
73733 6396
71403 -48072
29436 79489
51893 -25192
53723 -78018
66815 -7842
-92943 77618
-78984 24018
7377 97593
88222 21480
-63574 14901
71283 -903
29671 -25879
-69538 -31521
-94619 -51930
-3905 89220
-63326 72218
-70775 89348
-98088 -97271
-28069 -60104
87483 73671
-70877 92340
63139 -95264
-68257 -21637
-21551 68393
3039 17909
44388 3228
81654 -6136
-96024 -35428
-42399 -79656
91822 37499
-74224 91910
67107 64633
39211 -74165
-58959 80862
-86405 -39030
20944 -26608
-2715 44253
36139 -50957
-54916 18656
67872 -11300
56157 -49152
32858 17338
-6944 6087
46806 -29809
3439 -5169
-71962 60295
-67547 -11579
23413 91433
-44618 46575
96261 -75293
-52526 70012
40662 98145
66020 -31895
-98210 38502
-90084 -67961
1044 96025
15229 -60477
-69815 8441
26355 74950
-43537 65509
42007 -24664
77044 47523
-14586 2305
-58155 80122
-31737 -34429
41717 -86536
88230 -97099
-71323 58855
-25778 49290
33764 12353
25564 658
7987 -43151
4600 -48690
-31590 -54981
-21400 90094
-90453 35804
-18595 35856
76108 -78779
-60099 8673
72626 48975
-43769 -7080
7805 -97663
-98197 64986
-17714 30642
1674 88641
-77317 73922
65442 5394
-63322 2788
92286 17449
-68691 44798
28709 53777
-56303 22625
26342 58795
47170 -5662
-61259 1
-16077 18505
-26723 19266
-17514 -867
-23074 -22303
-95398 55203
73175 30297
67903 11298
77739 -4807
79467 18813
-56926 -19244
-80534 -31963
-45418 -80930
1313 81815
42937 -86520
52890 -14000
-5638 32495
33334 7346
-58496 19946
20600 -68073
-91632 -41715
67326 -93304
-65987 -33172
39929 31032
-26025 -29612
13705 57402
-27017 -93355
9921 58525
-90555 84891
-55875 -44968
-17418 -41046
-73965 42635
3133 88116
-35758 -14973
-34354 68263
24197 -82260
82645 -60564
24717 -84158
-3594 84427
70633 48177
-99076 58204
90922 53484
-86108 45661
-97809 55713
-26477 43873
-2425 -93794
-35356 99320
5766 -45934
54892 -15262
18003 13735
-53766 19338
-63744 68736
-5568 9303
90620 -72862
-40447 -81043
95441 -78429
-13908 22740
44706 -70937
-37509 -67496
85032 -44308
-85755 -91098
10521 89209
59051 -54647
684 82999
71044 -99574
-42721 -65790
-16957 -50790
-34845 -49982
-29190 65023
-40447 -22331
68407 20017
-68653 43785
79295 82814
-20301 45769
39021 91108
-18817 84297
-88409 -46057
13399 -9287
51977 -39806
-38228 -29231
74568 82266
10039 72123
57270 42508
-77515 51487
-43363 45356
-76542 19177
26535 78463
49406 -7363
84566 95500
1097 32475
1347 -51458
44275 24344
-77791 -52773
35521 75737
-45039 55105
40244 47622
-31607 -35188
-56964 9987
-30249 14919
-87507 70428
58023 -4936
-2712 5661
-28362 98147
-93695 -7615
18753 -90929
40351 29221
-762 19214
-97396 22940
885 -6031
-82892 -68044
7017 -35296
-63195 -72365
-40548 79887
-89103 30430
-70131 -61623
32880 -93725
-28293 36887
36349 -64122
-3191 -56461
64298 52139
52976 -80839
50394 30573
-87119 68056
5136 -88543
-47401 43005
-74938 -5620
-15245 -42647
77645 60250
-93908 77122
-42229 46821
-52245 8490
96572 67232
-93627 51309
-59175 -45625
-96996 96090
51450 -68250
-85210 -35149
21663 48242
2161 80478
65905 70121
-76669 -25491
28178 36228
-15921 -7395
-47508 -23415
-33224 -56275
32759 -68366
-56145 36495
-48027 20895
-53150 -30193
80763 -18977
-36272 841
80714 32364
69548 96301
-7632 -82033
-56357 -33399
24675 -43240
-78229 71085
-70048 26323
-10265 20268
-43340 88514
-91632 -58509
-13301 -39882
52728 83583
90187 -23200
-88073 -97711
-16169 3628
59929 -49217
35491 45651
87619 30873
76638 -78678
-75259 89523
26229 -89994
87440 33415
-99163 75333
8791 -11118
-23623 28551
88952 40450
-54406 52055
-46106 -18847
3795 5282
-1258 80740
-83827 21622
-28900 10850
427 34825
30170 6900
24341 19877
-4002 -66019
-20981 97619
-4399 -76945
40475 -22614
-7952 -50677
15196 -97746
78206 80028
-69888 86003
-183 -48499
-2450 -51565
70486 87783
73859 -16907
93674 94338
-14780 -61732
6173 -11746
35755 58020
45373 4549
59727 97570
22315 -51493
43413 20830
82560 58579
-50613 60198
-70594 92426
-50453 89006
87843 -2695
-33280 -43829
14060 79759
96259 55319
-27352 -7219
93309 -73460
99362 18059
61063 22015
-52604 64944
71364 -75334
-67442 -84787
57137 3766
62045 -67639
48802 -43488
-58885 -62714
-42713 -69945
-19655 16913
-29310 91023
19009 -71657
22356 5141
75310 96476
-89954 68713
-10591 -74454
-80704 -71106
-6171 -27691
59794 63280
93493 65612
-20143 -93032
-6564 46620
93256 -95432
-65622 30861
92188 -8308
72722 -3117
-48050 -38718
-49168 87956
-13681 50189
-15632 -69162
37302 -92586
84989 -55571
31419 57145
7344 -60248
61859 34339
57638 -49914
54905 58729
-25640 96913
51133 35242
-95543 -39703
-47038 -84445
48406 -45521
-30517 -61133
-33335 25177
41229 -47310
-76042 96917
-99713 80169
-54645 -76523
-39551 62316
-27128 -41371
-48171 -61217
71936 -28027
-3283 12729
-58676 36408
-22115 -97388
-2551 -81399
62308 -26746
15594 -29214
-36421 38847
-35240 51433
-89221 65988
2450 -25718
-75879 -81382
60936 43516
-99945 38470
-13775 -31279
6542 -56032
6046 98260
-69834 28880
92656 76490
44892 -96075
-66440 67299
-94095 -17659
66185 98890
62904 -1162
72178 39951
-9217 -51890
-30809 -23371
-8483 26582
35682 -43265
12140 74868
15366 -12651
-88792 -21744
-82329 -18525
-49184 -25313
-61605 -30925
48075 -71068
11531 -1326
41046 7468
30557 -63929
57767 10710
11956 -81182
33020 73890
67481 -70826
-74204 98217
55607 6736
64546 94832
29411 -48149
-10176 -49887
-89978 1526
-47155 86504
44509 73137
44592 -38109
37547 -25937
-95363 -50490
-99945 -42071
34608 25951
45439 -55637
84401 -65973
75325 64878
-72946 -31870
87499 74241
-57006 91918
-26145 69332
92620 -62009
47174 55918
-22109 -40355
-98790 36681
74579 -57274
11372 -66201
-81795 83270
-37087 19625
86435 -2663
65155 -97774
61586 50570
-92045 -10093
43667 93886
-79481 61462
-16944 -18571
48187 56485
55931 -7283
38856 -91423
-55896 -61132
64443 -14711
74984 -53863
-3003 33928
27452 -19460
-23453 -10669
-78917 -92767
-24875 86379
-4637 -285
58805 94349
19182 -65713
27703 84103
56483 -86404
-42083 -15777
-22845 9193
-23615 86638
-8807 -18446
20938 19290
8475 55075
-68225 33475
-51601 -375
55731 -36244
96363 -46153
-13657 98412
-3714 30169
95406 -26432
70487 20814
54851 -2134
7817 65522
70448 -91571
-87225 8558
-7808 42042
-75822 -73492
38767 40067
-34203 93544
63797 22268
-65700 -40271
81351 -45819
-69149 48299
-261 63938
-12031 68165
80668 -8256
59465 53353
31016 -43558
-36877 -6981
48833 -52722
-43782 73146
85299 -81084
-49219 -96852
42222 91136
-24037 -77182
63241 -88145
31849 -20410
-78832 2138
-55852 -53675
-73802 27573
82967 -19548
-13603 -45276
-47691 -49432
-56206 -3990
-62488 -12401
-221 -43322
83695 -95815
45133 71178
75579 -15285
50004 17115
-15966 70415
-7590 -54785
-60602 -39929
-80083 20066
38725 -32713
8034 -77063
-98976 -17758
-67061 63481
-27697 98933
-29939 96449
-70635 -29212
-21539 10324
74954 74766
-36833 -52560
-12143 4773
-16590 70480
-66562 -71670
-14465 16679
-67479 -88103
-36969 -42404
92337 12489
-80701 -97373
-82833 -71258
-58684 -78480
32563 -97420
54430 -52740
-25115 31612
26948 9065
28303 -3413
88514 63751
75273 68330
67505 61956
-1358 36023
-17125 67487
76619 14423
15146 -78065
-85271 71921
96301 41218
11736 47290
-78077 67294
98500 67330
-5314 88068
-75696 35652
-51052 -91361
-8684 51779
-75403 -23509
-98579 90269
-86043 88653
-28814 -88966
-15120 -771
-77755 52536
56530 -98011
-21927 -69082
4032 65435
-17225 30271
65861 23115
56352 -77285
-54349 86277
-74773 91063
-87719 -61132
-19200 88272
-67251 54038
14073 60034
-36485 41020
30546 39254
38975 -90470
57587 -52963
-60591 88002
30545 75218
23829 -73356
-38032 98034
16134 31166
10144 -83930
-3792 93954
8206 -58408
383 91018
83428 79622
60107 98880
3029 26059
-72652 -58830
-99050 -99052
-21387 -42771
-77110 -25553
-18010 51892
-74062 -77942
27517 -71474
-65235 -23230
-2920 -31992
-39576 50593
-69344 3350
24520 77369
-8286 -82106
45915 45151
-99907 -41014
-97592 88619
-34149 32980
-62454 48858
-7325 17179
-18394 -95870
-5643 41206
42616 -47530
34003 83843
-79953 67871
18727 48085
11095 93159
-62921 21562
-28299 -56687
-13087 72437
-31310 41881
91406 -79816
-10422 59494
-16508 73817
-44380 -27682
27111 25381
-66695 99022
13026 -2897
-33492 -30388
59168 81553
-76422 29625
41445 -48878
4293 1504
-75612 49931
58081 -51485
-22233 35300
-4933 81252
-88053 -81964
-11924 -42056
15212 89035
21497 -11016
-83709 -28482
21686 8936
18354 -27464
36371 -98775
2295 -5877
-99429 87967
-32739 48178
86411 -83185
38470 5156
97673 -59128
83969 -28110
-7195 53688
-74768 90860
64817 39910
-98507 -34134
43984 41666
-32483 92741
-13794 -31893
10867 -65260
53488 -90256
91995 50240
90199 96271
-97705 27295
31759 2038
-94922 84451
93823 -1203
68190 -18998
-94962 80094
51692 30313
76725 52133
-50268 -41748
20260 35125
60957 14891
-2945 63791
21422 24872
6699 7102
52966 -38947
63473 77869
-70423 7006
88116 25830
18231 39609
-70581 -18211
-49708 15226
33115 -71349
-17205 -73143
-10899 -26158
31765 49619
-8332 88976
-52944 24775
70089 -81612
-11226 60893
63420 -87880
-94010 4860
-90526 38943
89078 -6935
7690 -94137
-41798 98149
3608 31276
-67072 60331
68865 63278
38028 84876
10467 -95452
7018 93942
-91081 -18688
-15211 -97156
80252 -55886
-79561 13303
3x^2+4y^2+5x-3.5y+6x^2+7y^2+8x-9.5y+10x^2+11y^2+12x-13.5y+14x^2+15y^2+16x-17.5y+18x^2+19y^2+20x-21.5y+22x^2+23y^2+24x-25.5y+26x^2+27y^2+28x-29.5y+30x^2+31y^2+32x-33.5y+34x^2+35y^2+36x-37.5y+38x^2+39y^2+40x-41.5y+42x^2+43y^2+44x-45.5y+46x^2+47y^2+48x-49.5y+50x^2+51y^2+52x-53.5y+54x^2+55y^2+56x-57.5y+58x^2+59y^2+60x-61.5y+62x^2+63y^2+64x-65.5y+66x^2+67y^2+68x-69.5y+70x^2+71y^2+72x-73.5y+74x^2+75y^2+76x-77.5y+78x^2+79y^2+80x-81.5y+82x^2+83y^2+84x-85.5y+86x^2+87y^2+88x-89.5y+90x^2+91y^2+92x-93.5y+94x^2+95y^2+96x-97.5y+98x^2+99y^2+100x-101.5y=0 