100 100
1 2
0
1000000000000000000000000000000000000000000000000000000000000000000000000000000000000000000000000000
0333333333333333333333333333333333333333333333333333333333333333333333333333333333333333333333333333
0333333333333333333333333333333333333333333333333333333333333333333333333333333333333333333333333333
0333333333333333333333333333333333333333333333333333333333333333333333333333333333333333333333333333
0333333333333333333333333333333333333333333333333333333333333333333333333333333333333333333333333333
0333333333333333333333333333333333333333333333333333333333333333333333333333333333333333333333333333
0333333333333333333333333333333333333333333333333333333333333333333333333333333333333333333333333333
0333333333333333333333333333333333333333333333333333333333333333333333333333333333333333333333333333
0333333333333333333333333333333333333333333333333333333333333333333333333333333333333333333333333333
0333333333333333333333333333333333333333333333333333333333333333333333333333333333333333333333333333
0333333333333333333333333333333333333333333333333333333333333333333333333333333333333333333333333333
0333333333333333333333333333333333333333333333333333333333333333333333333333333333333333333333333333
0333333333333333333333333333333333333333333333333333333333333333333333333333333333333333333333333333
0333333333333333333333333333333333333333333333333333333333333333333333333333333333333333333333333333
0333333333333333333333333333333333333333333333333333333333333333333333333333333333333333333333333333
0333333333333333333333333333333333333333333333333333333333333333333333333333333333333333333333333333
0333333333333333333333333333333333333333333333333333333333333333333333333333333333333333333333333333
0333333333333333333333333333333333333333333333333333333333333333333333333333333333333333333333333333
0333333333333333333333333333333333333333333333333333333333333333333333333333333333333333333333333333
0333333333333333333333333333333333333333333333333333333333333333333333333333333333333333333333333333
0333333333333333333333333333333333333333333333333333333333333333333333333333333333333333333333333333
0333333333333333333333333333333333333333333333333333333333333333333333333333333333333333333333333333
0333333333333333333333333333333333333333333333333333333333333333333333333333333333333333333333333333
0333333333333333333333333333333333333333333333333333333333333333333333333333333333333333333333333333
0333333333333333333333333333333333333333333333333333333333333333333333333333333333333333333333333333
0333333333333333333333333333333333333333333333333333333333333333333333333333333333333333333333333333
0333333333333333333333333333333333333333333333333333333333333333333333333333333333333333333333333333
0333333333333333333333333333333333333333333333333333333333333333333333333333333333333333333333333333
0333333333333333333333333333333333333333333333333333333333333333333333333333333333333333333333333333
0333333333333333333333333333333333333333333333333333333333333333333333333333333333333333333333333333
0333333333333333333333333333333333333333333333333333333333333333333333333333333333333333333333333333
0333333333333333333333333333333333333333333333333333333333333333333333333333333333333333333333333333
0333333333333333333333333333333333333333333333333333333333333333333333333333333333333333333333333333
0333333333333333333333333333333333333333333333333333333333333333333333333333333333333333333333333333
0333333333333333333333333333333333333333333333333333333333333333333333333333333333333333333333333333
0333333333333333333333333333333333333333333333333333333333333333333333333333333333333333333333333333
0333333333333333333333333333333333333333333333333333333333333333333333333333333333333333333333333333
0333333333333333333333333333333333333333333333333333333333333333333333333333333333333333333333333333
0333333333333333333333333333333333333333333333333333333333333333333333333333333333333333333333333333
0333333333333333333333333333333333333333333333333333333333333333333333333333333333333333333333333333
0333333333333333333333333333333333333333333333333333333333333333333333333333333333333333333333333333
0333333333333333333333333333333333333333333333333333333333333333333333333333333333333333333333333333
0333333333333333333333333333333333333333333333333333333333333333333333333333333333333333333333333333
0333333333333333333333333333333333333333333333333333333333333333333333333333333333333333333333333333
0333333333333333333333333333333333333333333333333333333333333333333333333333333333333333333333333333
0333333333333333333333333333333333333333333333333333333333333333333333333333333333333333333333333333
0333333333333333333333333333333333333333333333333333333333333333333333333333333333333333333333333333
0333333333333333333333333333333333333333333333333333333333333333333333333333333333333333333333333333
0333333333333333333333333333333333333333333333333333333333333333333333333333333333333333333333333333
0333333333333333333333333333333333333333333333333333333333333333333333333333333333333333333333333333
0333333333333333333333333333333333333333333333333333333333333333333333333333333333333333333333333333
0333333333333333333333333333333333333333333333333333333333333333333333333333333333333333333333333333
0333333333333333333333333333333333333333333333333333333333333333333333333333333333333333333333333333
0333333333333333333333333333333333333333333333333333333333333333333333333333333333333333333333