100 100
1 2
0
1 0 3 0 3 0 3 0 3 0 1 0 3 0 3 0 3 0 3 0 1 0 3 0 3 0 3 0 3 0 1 0 3 0 3 0 3 0 3 0 1 0 3 0 3 0 3 0 3 0 1 0 3 0 3 0 3 0 3 0 1 0 3 0 3 0 3 0 3 0 1 0 3 0 3 0 3 0 3 0 1 0 3 0 3 0 3 0 3 0 1 0 3 0 3 0 3 0 3 0 
0 0 0 0 0 0 0 0 0 0 0 0 0 0 0 0 0 0 0 0 0 0 0 0 0 0 0 0 0 0 0 0 0 0 0 0 0 0 0 0 0 0 0 0 0 0 0 0 0 0 0 0 0 0 0 0 0 0 0 0 0 0 0 0 0 0 0 0 0 0 0 0 0 0 0 0 0 0 0 0 0 0 0 0 0 0 0 0 0 0 0 0 0 0 0 0 0 0 0 0 
3 0 3 0 3 0 3 0 3 0 1 0 3 0 3 0 3 0 3 0 1 0 3 0 3 0 3 0 3 0 1 0 3 0 3 0 3 0 3 0 1 0 3 0 3 0 3 0 3 0 1 0 3 0 3 0 3 0 3 0 1 0 3 0 3 0 3 0 3 0 1 0 3 0 3 0 3 0 3 0 1 0 3 0 3 0 3 0 3 0 1 0 3 0 3 0 3 0 3 0 
3 3 3 3 3 3 3 3 3 3 3 3 3 3 3 3 3 3 3 3 3 3 3 3 3 3 3 3 3 3 3 3 3 3 3 3 3 3 3 3 3 3 3 3 3 3 3 3 3 3 3 3 3 3 3 3 3 3 3 3 3 3 3 3 3 3 3 3 3 3 3 3 3 3 3 3 3 3 3 3 3 3 3 3 3 3 3 3 3 3 3 3 3 3 3 3 3 0 3 3 
3 0 3 0 3 0 3 0 3 0 1 0 3 0 3 0 3 0 3 0 1 0 3 0 3 0 3 0 3 0 1 0 3 0 3 0 3 0 3 0 1 0 3 0 3 0 3 0 3 0 1 0 3 0 3 0 3 0 3 0 1 0 3 0 3 0 3 0 3 0 1 0 3 0 3 0 3 0 3 0 1 0 3 0 3 0 3 0 3 0 1 0 3 0 3 0 3 0 3 0 
0 0 0 0 0 0 0 0 0 0 0 0 0 0 0 0 0 0 0 0 0 0 0 0 0 0 0 0 0 0 0 0 0 0 0 0 0 0 0 0 0 0 0 0 0 0 0 0 0 0 0 0 0 0 0 0 0 0 0 0 0 0 0 0 0 0 0 0 0 0 0 0 0 0 0 0 0 0 0 0 0 0 0 0 0 0 0 0 0 0 0 0 0 0 0 0 0 0 0 0 
3 0 3 0 3 0 3 0 3 0 1 0 3 0 3 0 3 0 3 0 1 0 3 0 3 0 3 0 3 0 1 0 3 0 3 0 3 0 3 0 1 0 3 0 3 0 3 0 3 0 1 0 3 0 3 0 3 0 3 0 1 0 3 0 3 0 3 0 3 0 1 0 3 0 3 0 3 0 3 0 1 0 3 0 3 0 3 0 3 0 1 0 3 0 3 0 3 0 3 0 
3 0 3 3 3 3 3 3 3 3 3 3 3 3 3 3 3 3 3 3 3 3 3 3 3 3 3 3 3 3 3 3 3 3 3 3 3 3 3 3 3 3 3 3 3 3 3 3 3 3 3 3 3 3 3 3 3 3 3 3 3 3 3 3 3 3 3 3 3 3 3 3 3 3 3 3 3 3 3 3 3 3 3 3 3 3 3 3 3 3 3 3 3 3 3 3 3 3 3 3 
3 0 3 0 3 0 3 0 3 0 1 0 3 0 3 0 3 0 3 0 1 0 3 0 3 0 3 0 3 0 1 0 3 0 3 0 3 0 3 0 1 0 3 0 3 0 3 0 3 0 1 0 3 0 3 0 3 0 3 0 1 0 3 0 3 0 3 0 3 0 1 0 3 0 3 0 3 0 3 0 1 0 3 0 3 0 3 0 3 0 1 0 3 0 3 0 3 0 3 0 
0 0 0 0 0 0 0 0 0 0 0 0 0 0 0 0 0 0 0 0 0 0 0 0 0 0 0 0 0 0 0 0 0 0 0 0 0 0 0 0 0 0 0 0 0 0 0 0 0 0 0 0 0 0 0 0 0 0 0 0 0 0 0 0 0 0 0 0 0 0 0 0 0 0 0 0 0 0 0 0 0 0 0 0 0 0 0 0 0 0 0 0 0 0 0 0 0 0 0 0 
3 0 3 0 3 0 3 0 3 0 1 0 3 0 3 0 3 0 3 0 1 0 3 0 3 0 3 0 3 0 1 0 3 0 3 0 3 0 3 0 1 0 3 0 3 0 3 0 3 0 1 0 3 0 3 0 3 0 3 0 1 0 3 0 3 0 3 0 3 0 1 0 3 0 3 0 3 0 3 0 1 0 3 0 3 0 3 0 3 0 1 0 3 0 3 0 3 0 3 0 
3 3 3 3 3 3 3 3 3 3 3 3 3 3 3 3 3 3 3 3 3 3 3 3 3 3 3 3 3 3 3 3 3 3 3 3 3 3 3 3 3 3 3 3 3 3 3 3 3 3 3 3 3 3 3 3 3 3 3 3 3 3 3 3 3 3 3 3 3 3 3 3 3 3 3 3 3 3 3 3 3 3 3 3 3 3 3 3 3 3 3 3 3 3 3 3 3 0 3 3 
3 0 3 0 3 0 3 0 3 0 1 0 3 0 3 0 3 0 3 0 1 0 3 0 3 0 3 0 3 0 1 0 3 0 3 0 3 0 3 0 1 0 3 0 3 0 3 0 3 0 1 0 3 0 3 0 3 0 3 0 1 0 3 0 3 0 3 0 3 0 1 0 3 0 3 0 3 0 3 0 1 0 3 0 3 0 3 0 3 0 1 0 3 0 3 0 3 0 3 0 
0 0 0 0 0 0 0 0 0 0 0 0 0 0 0 0 0 0 0 0 0 0 0 0 0 0 0 0 0 0 0 0 0 0 0 0 0 0 0 0 0 0 0 0 0 0 0 0 0 0 0 0 0 0 0 0 0 0 0 0 0 0 0 0 0 0 0 0 0 0 0 0 0 0 0 0 0 0 0 0 0 0 0 0 0 0 0 0 0 0 0 0 0 0 0 0 0 0 0 0 
3 0 3 0 3 0 3 0 3 0 1 0 3 0 3 0 3 0 3 0 1 0 3 0 3 0 3 0 3 0 1 0 3 0 3 0 3 0 3 0 1 0 3 0 3 0 3 0 3 0 1 0 3 0 3 0 3 0 3 0 1 0 3 0 3 0 3 0 3 0 1 0 3 0 3 0 3 0 3 0 1 0 3 0 3 0 3 0 3 0 1 0 3 0 3 0 3 0 3 0 
3 0 3 3 3 3 3 3 3 3 3 3 3 3 3 3 3 3 3 3 3 3 3 3 3 3 3 3 3 3 3 3 3 3 3 3 3 3 3 3 3 3 3 3 3 3 3 3 3 3 3 3 3 3 3 3 3 3 3 3 3 3 3 3 3 3 3 3 3 3 3 3 3 3 3 3 3 3 3 3 3 3 3 3 3 3 3 3 3 3 3 3 3 3 3 3 3 3 3 3 
3 0 3 0 3 0 3 0 3 0 1 0 3 0 3 0 3 0 3 0 1 0 3 0 3 0 3 0 3 0 1 0 3 0 3 0 3 0 3 0 1 0 3 0 3 0 3 0 3 0 1 0 3 0 3 0 3 0 3 0 1 0 3 0 3 0 3 0 3 0 1 0 3 0 3 0 3 0 3 0 1 0 3 0 3 0 3 0 3 0 1 0 3 0 3 0 3 0 3 0 
0 0 0 0 0 0 0 0 0 0 0 0 0 0 0 0 0 0 0 0 0 0 0 0 0 0 0 0 0 0 0 0 0 0 0 0 0 0 0 0 0 0 0 0 0 0 0 0 0 0 0 0 0 0 0 0 0 0 0 0 0 0 0 0 0 0 0 0 0 0 0 0 0 0 0 0 0 0 0 0 0 0 0 0 0 0 0 0 0 0 0 0 0 0 0 0 0 0 0 0 
3 0 3 0 3 0 3 0 3 0 1 0 3 0 3 0 3 0 3 0 1 0 3 0 3 0 3 0 3 0 1 0 3 0 3 0 3 0 3 0 1 0 3 0 3 0 3 0 3 0 1 0 3 0 3 0 3 0 3 0 1 0 3 0 3 0 3 0 3 0 1 0 3 0 3 0 3 0 3 0 1 0 3 0 3 0 3 0 3 0 1 0 3 0 3 0 3 0 3 0 
3 3 3 3 3 3 3 3 3 3 3 3 3 3 3 3 3 3 3 3 3 3 3 3 3 3 3 3 3 3 3 3 3 3 3 3 3 3 3 3 3 3 3 3 3 3 3 3 3 3 3 3 3 3 3 3 3 3 3 3 3 3 3 3 3 3 3 3 3 3 3 3 3 3 3 3 3 3 3 3 3 3 3 3 3 3 3 3 3 3 3 3 3 3 3 3 3 0 3 3 
3 0 3 0 3 0 3 0 3 0 1 0 3 0 3 0 3 0 3 0 1 0 3 0 3 0 3 0 3 0 1 0 3 0 3 0 3 0 3 0 1 0 3 0 3 0 3 0 3 0 1 0 3 0 3 0 3 0 3 0 1 0 3 0 3 0 3 0 3 0 1 0 3 0 3 0 3 0 3 0 1 0 3 0 3 0 3 0 3 0 1 0 3 0 3 0 3 0 3 0 
0 0 0 0 0 0 0 0 0 0 0 0 0 0 0 0 0 0 0 0 0 0 0 0 0 0 0 0 0 0 0 0 0 0 0 0 0 0 0 0 0 0 0 0 0 0 0 0 0 0 0 0 0 0 0 0 0 0 0 0 0 0 0 0 0 0 0 0 0 0 0 0 0 0 0 0 0 0 0 0 0 0 0 0 0 0 0 0 0 0 0 0 0 0 0 0 0 0 0 0 
3 0 3 0 3 0 3 0 3 0 1 0 3 0 3 0 3 0 3 0 1 0 3 0 3 0 3 0 3 0 1 0 3 0 3 0 3 0 3 0 1 0 3 0 3 0 3 0 3 0 1 0 3 0 3 0 3 0 3 0 1 0 3 0 3 0 3 0 3 0 1 0 3 0 3 0 3 0 3 0 1 0 3 0 3 0 3 0 3 0 1 0 3 0 3 0 3 0 3 0 
3 0 3 3 3 3 3 3 3 3 3 3 3 3 3 3 3 3 3 3 3 3 3 3 3 3 3 3 3 3 3 3 3 3 3 3 3 3 3 3 3 3 3 3 3 3 3 3 3 3 3 3 3 3 3 3 3 3 3 3 3 3 3 3 3 3 3 3 3 3 3 3 3 3 3 3 3 3 3 3 3 3 3 3 3 3 3 3 3 3 3 3 3 3 3 3 3 3 3 3 
3 0 3 0 3 0 3 0 3 0 1 0 3 0 3 0 3 0 3 0 1 0 3 0 3 0 3 0 3 0 1 0 3 0 3 0 3 0 3 0 1 0 3 0 3 0 3 0 3 0 1 0 3 0 3 0 3 0 3 0 1 0 3 0 3 0 3 0 3 0 1 0 3 0 3 0 3 0 3 0 1 0 3 0 3 0 3 0 3 0 1 0 3 0 3 0 3 0 3 0 
0 0 0 0 0 0 0 0 0 0 0 0 0 0 0 0 0 0 0 0 0 0 0 0 0 0 0 0 0 0 0 0 0 0 0 0 0 0 0 0 0 0 0 0 0 0 0 0 0 0 0 0 0 0 0 0 0 0 0 0 0 0 0 0 0 0 0 0 0 0 0 0 0 0 0 0 0 0 0 0 0 0 0 0 0 0 0 0 0 0 0 0 0 0 0 0 0 0 0 0 
3 0 3 0 3 0 3 0 3 0 1 0 3 0 3 0 3 0 3 0 1 0 3 0 3 0 3 0 3 0 1 0 3 0 3 0 3 0 3 0 1 0 3 0 3 0 3 0 3 0 1 0 3 0 3 0 3 0 3 0 1 0 3 0 3 0 3 0 3 0 1 0 3 0 3 0 3 0 3 0 1 0 3 0 3 0 3 0 3 0 1 0 3 0 3 0 3 0 3 0 
3 3 3 3 3 3 3 3 3 3 3 3 3 3 3 3 3 3 3 3 3 3 3 3 3 3 3 3 3 3 3 3 3 3 3 3 3 3 3 3 3 3 3 3 3 3 3 3 3 3 3 3 3 3 3 3 3 3 3 3 3 3 3 3 3 3 3 3 3 3 3 3 3 3 3 3 3 3 3 3 3 3 3 3 3 3 3 3 3 3 3 3 3 3 3 3 3 0 3 3 
3 0 3 0 3 0 3 0 3 0 1 0 3 0 3 0 3 0 3 0 1 0 3 0 3 0 3 0 3 0 1 0 3 0 3 0 3 0 3 0 1 0 3 0 3 0 3 0 3 0 1 0 3 0 3 0 3 0 3 0 1 0 3 0 3 0 3 0 3 0 1 0 3 0 3 0 3 0 3 0 1 0 3 0 3 0 3 0 3 0 1 0 3 0 3 0 3 0 3 0 
0 0 0 0 0 0 0 0 0 0 0 0 0 0 0 0 0 0 0 0 0 0 0 0 0 0 0 0 0 0 0 0 0 0 0 0 0 0 0 0 0 0 0 0 0 0 0 0 0 0 0 0 0 0 0 0 0 0 0 0 0 0 0 0 0 0 0 0 0 0 0 0 0 0 0 0 0 0 0 0 0 0 0 0 0 0 0 0 0 0 0 0 0 0 0 0 0 0 0 0 
3 0 3 0 3 0 3 0 3 0 1 0 3 0 3 0 3 0 3 0 1 0 3 0 3 0 3 0 3 0 1 0 3 0 3 0 3 0 3 0 1 0 3 0 3 0 3 0 3 0 1 0 3 0 3 0 3 0 3 0 1 0 3 0 3 0 3 0 3 0 1 0 3 0 3 0 3 0 3 0 1 0 3 0 3 0 3 0 3 0 1 0 3 0 3 0 3 0 3 0 
3 0 3 3 3 3 3 3 3 3 3 3 3 3 3 3 3 3 3 3 3 3 3 3 3 3 3 3 3 3 3 3 3 3 3 3 3 3 3 3 3 3 3 3 3 3 3 3 3 3 3 3 3 3 3 3 3 3 3 3 3 3 3 3 3 3 3 3 3 3 3 3 3 3 3 3 3 3 3 3 3 3 3 3 3 3 3 3 3 3 3 3 3 3 3 3 3 3 3 3 
3 0 3 0 3 0 3 0 3 0 1 0 3 0 3 0 3 0 3 0 1 0 3 0 3 0 3 0 3 0 1 0 3 0 3 0 3 0 3 0 1 0 3 0 3 0 3 0 3 0 1 0 3 0 3 0 3 0 3 0 1 0 3 0 3 0 3 0 3 0 1 0 3 0 3 0 3 0 3 0 1 0 3 0 3 0 3 0 3 0 1 0 3 0 3 0 3 0 3 0 
0 0 0 0 0 0 0 0 0 0 0 0 0 0 0 0 0 0 0 0 0 0 0 0 0 0 0 0 0 0 0 0 0 0 0 0 0 0 0 0 0 0 0 0 0 0 0 0 0 0 0 0 0 0 0 0 0 0 0 0 0 0 0 0 0 0 0 0 0 0 0 0 0 0 0 0 0 0 0 0 0 0 0 0 0 0 0 0 0 0 0 0 0 0 0 0 0 0 0 0 
3 0 3 0 3 0 3 0 3 0 1 0 3 0 3 0 3 0 3 0 1 0 3 0 3 0 3 0 3 0 1 0 3 0 3 0 3 0 3 0 1 0 3 0 3 0 3 0 3 0 1 0 3 0 3 0 3 0 3 0 1 0 3 0 3 0 3 0 3 0 1 0 3 0 3 0 3 0 3 0 1 0 3 0 3 0 3 0 3 0 1 0 3 0 3 0 3 0 3 0 
3 3 3 3 3 3 3 3 3 3 3 3 3 3 3 3 3 3 3 3 3 3 3 3 3 3 3 3 3 3 3 3 3 3 3 3 3 3 3 3 3 3 3 3 3 3 3 3 3 3 3 3 3 3 3 3 3 3 3 3 3 3 3 3 3 3 3 3 3 3 3 3 3 3 3 3 3 3 3 3 3 3 3 3 3 3 3 3 3 3 3 3 3 3 3 3 3 0 3 3 
3 0 3 0 3 0 3 0 3 0 1 0 3 0 3 0 3 0 3 0 1 0 3 0 3 0 3 0 3 0 1 0 3 0 3 0 3 0 3 0 1 0 3 0 3 0 3 0 3 0 1 0 3 0 3 0 3 0 3 0 1 0 3 0 3 0 3 0 3 0 1 0 3 0 3 0 3 0 3 0 1 0 3 0 3 0 3 0 3 0 1 0 3 0 3 0 3 0 3 0 
0 0 0 0 0 0 0 0 0 0 0 0 0 0 0 0 0 0 0 0 0 0 0 0 0 0 0 0 0 0 0 0 0 0 0 0 0 0 0 0 0 0 0 0 0 0 0 0 0 0 0 0 0 0 0 0 0 0 0 0 0 0 0 0 0 0 0 0 0 0 0 0 0 0 0 0 0 0 0 0 0 0 0 0 0 0 0 0 0 0 0 0 0 0 0 0 0 0 0 0 
3 0 3 0 3 0 3 0 3 0 1 0 3 0 3 0 3 0 3 0 1 0 3 0 3 0 3 0 3 0 1 0 3 0 3 0 3 0 3 0 1 0 3 0 3 0 3 0 3 0 1 0 3 0 3 0 3 0 3 0 1 0 3 0 3 0 3 0 3 0 1 0 3 0 3 0 3 0 3 0 1 0 3 0 3 0 3 0 3 0 1 0 3 0 3 0 3 0 3 0 
3 0 3 3 3 3 3 3 3 3 3 3 3 3 3 3 3 3 3 3 3 3 3 3 3 3 3 3 3 3 3 3 3 3 3 3 3 3 3 3 3 3 3 3 3 3 3 3 3 3 3 3 3 3 3 3 3 3 3 3 3 3 3 3 3 3 3 3 3 3 3 3 3 3 3 3 3 3 3 3 3 3 3 3 3 3 3 3 3 3 3 3 3 3 3 3 3 3 3 3 
3 0 3 0 3 0 3 0 3 0 1 0 3 0 3 0 3 0 3 0 1 0 3 0 3 0 3 0 3 0 1 0 3 0 3 0 3 0 3 0 1 0 3 0 3 0 3 0 3 0 1 0 3 0 3 0 3 0 3 0 1 0 3 0 3 0 3 0 3 0 1 0 3 0 3 0 3 0 3 0 1 0 3 0 3 0 3 0 3 0 1 0 3 0 3 0 3 0 3 0 
0 0 0 0 0 0 0 0 0 0 0 0 0 0 0 0 0 0 0 0 0 0 0 0 0 0 0 0 0 0 0 0 0 0 0 0 0 0 0 0 0 0 0 0 0 0 0 0 0 0 0 0 0 0 0 0 0 0 0 0 0 0 0 0 0 0 0 0 0 0 0 0 0 0 0 0 0 0 0 0 0 0 0 0 0 0 0 0 0 0 0 0 0 0 0 0 0 0 0 0 
3 0 3 0 3 0 3 0 3 0 1 0 3 0 3 0 3 0 3 0 1 0 3 0 3 0 3 0 3 0 1 0 3 0 3 0 3 0 3 0 1 0 3 0 3 0 3 0 3 0 1 0 3 0 3 0 3 0 3 0 1 0 3 0 3 0 3 0 3 0 1 0 3 0 3 0 3 0 3 0 1 0 3 0 3 0 3 0 3 0 1 0 3 0 3 0 3 0 3 0 
3 3 3 3 3 3 3 3 3 3 3 3 3 3 3 3 3 3 3 3 3 3 3 3 3 3 3 3 3 3 3 3 3 3 3 3 3 3 3 3 3 3 3 3 3 3 3 3 3 3 3 3 3 3 3 3 3 3 3 3 3 3 3 3 3 3 3 3 3 3 3 3 3 3 3 3 3 3 3 3 3 3 3 3 3 3 3 3 3 3 3 3 3 3 3 3 3 0 3 3 
3 0 3 0 3 0 3 0 3 0 1 0 3 0 3 0 3 0 3 0 1 0 3 0 3 0 3 0 3 0 1 0 3 0 3 0 3 0 3 0 1 0 3 0 3 0 3 0 3 0 1 0 3 0 3 0 3 0 3 0 1 0 3 0 3 0 3 0 3 0 1 0 3 0 3 0 3 0 3 0 1 0 3 0 3 0 3 0 3 0 1 0 3 0 3 0 3 0 3 0 
0 0 0 0 0 0 0 0 0 0 0 0 0 0 0 0 0 0 0 0 0 0 0 0 0 0 0 0 0 0 0 0 0 0 0 0 0 0 0 0 0 0 0 0 0 0 0 0 0 0 0 0 0 0 0 0 0 0 0 0 0 0 0 0 0 0 0 0 0 0 0 0 0 0 0 0 0 0 0 0 0 0 0 0 0 0 0 0 0 0 0 0 0 0 0 0 0 0 0 0 
3 0 3 0 3 0 3 0 3 0 1 0 3 0 3 0 3 0 3 0 1 0 3 0 3 0 3 0 3 0 1 0 3 0 3 0 3 0 3 0 1 0 3 0 3 0 3 0 3 0 1 0 3 0 3 0 3 0 3 0 1 0 3 0 3 0 3 0 3 0 1 0 3 0 3 0 3 0 3 0 1 0 3 0 3 0 3 0 3 0 1 0 3 0 3 0 3 0 3 0 
3 0 3 3 3 3 3 3 3 3 3 3 3 3 3 3 3 3 3 3 3 3 3 3 3 3 3 3 3 3 3 3 3 3 3 3 3 3 3 3 3 3 3 3 3 3 3 3 3 3 3 3 3 3 3 3 3 3 3 3 3 3 3 3 3 3 3 3 3 3 3 3 3 3 3 3 3 3 3 3 3 3 3 3 3 3 3 3 3 3 3 3 3 3 3 3 3 3 3 3 
3 0 3 0 3 0 3 0 3 0 1 0 3 0 3 0 3 0 3 0 1 0 3 0 3 0 3 0 3 0 1 0 3 0 3 0 3 0 3 0 1 0 3 0 3 0 3 0 3 0 1 0 3 0 3 0 3 0 3 0 1 0 3 0 3 0 3 0 3 0 1 0 3 0 3 0 3 0 3 0 1 0 3 0 3 0 3 0 3 0 1 0 3 0 3 0 3 0 3 0 
0 0 0 0 0 0 0 0 0 0 0 0 0 0 0 0 0 0 0 0 0 0 0 0 0 0 0 0 0 0 0 0 0 0 0 0 0 0 0 0 0 0 0 0 0 0 0 0 0 0 0 0 0 0 0 0 0 0 0 0 0 0 0 0 0 0 0 0 0 0 0 0 0 0 0 0 0 0 0 0 0 0 0 0 0 0 0 0 0 0 0 0 0 0 0 0 0 0 0 0 
3 0 3 0 3 0 3 0 3 0 1 0 3 0 3 0 3 0 3 0 1 0 3 0 3 0 3 0 3 0 1 0 3 0 3 0 3 0 3 0 1 0 3 0 3 0 3 0 3 0 1 0 3 0 3 0 3 0 3 0 1 0 3 0 3 0 3 0 3 0 1 0 3 0 3 0 3 0 3 0 1 0 3 0 3 0 3 0 3 0 1 0 3 0 3 0 3 0 3 0 
3 3 3 3 3 3 3 3 3 3 3 3 3 3 3 3 3 3 3 3 3 3 3 3 3 3 3 3 3 3 3 3 3 3 3 3 3 3 3 3 3 3 3 3 3 3 3 3 3 3 3 3 3 3 3 3 3 3 3 3 3 3 3 3 3 3 3 3 3 3 3 3 3 3 3 3 3 3 3 3 3 3 3 3 3 3 3 3 3 3 3 3 3 3 3 3 3 0 3 3 
3 0 3 0 3 0 3 0 3 0 1 0 3 0 3 0 3 0 3 0 1 0 3 0 3 0 3 0 3 0 1 0 3 0 3 0 3 0 3 0 1 0 3 0 3 0 3 0 3 0 1 0 3 0 3 0 3 0 3 0 1 0 3 0 3 0 3 0 3 0 1 0 3 0 3 0 3 0 3 0 1 0 3 0 3 0 3 0 3 0 1 0 3 0 3 0 3 0 3 0 
0 0 0 0 0 0 0 0 0 0 0 0 0 0 0 0 0 0 0 0 0 0 0 0 0 0 0 0 0 0 0 0 0 0 0 0 0 0 0 0 0 0 0 0 0 0 0 0 0 0 0 0 0 0 0 0 0 0 0 0 0 0 0 0 0 0 0 0 0 0 0 0 0 0 0 0 0 0 0 0 0 0 0 0 0 0 0 0 0 0 0 0 0 0 0 0 0 0 0 0 
3 0 3 0 3 0 3 0 3 0 1 0 3 0 3 0 3 0 3 0 1 0 3 0 3 0 3 0 3 0 1 0 3 0 3 0 3 0 3 0 1 0 3 0 3 0 3 0 3 0 1 0 3 0 3 0 3 0 3 0 1 0 3 0 3 0 3 0 3 0 1 0 3 0 3 0 3 0 3 0 1 0 3 0 3 0 3 0 3 0 1 0 3 0 3 0 3 0 3 0 
3 0 3 3 3 3 3 3 3 3 3 3 3 3 3 3 3 3 3 3 3 3 3 3 3 3 3 3 3 3 3 3 3 3 3 3 3 3 3 3 3 3 3 3 3 3 3 3 3 3 3 3 3 3 3 3 3 3 3 3 3 3 3 3 3 3 3 3 3 3 3 3 3 3 3 3 3 3 3 3 3 3 3 3 3 3 3 3 3 3 3 3 3 3 3 3 3 3 3 3 
3 0 3 0 3 0 3 0 3 0 1 0 3 0 3 0 3 0 3 0 1 0 3 0 3 0 3 0 3 0 1 0 3 0 3 0 3 0 3 0 1 0 3 0 3 0 3 0 3 0 1 0 3 0 3 0 3 0 3 0 1 0 3 0 3 0 3 0 3 0 1 0 3 0 3 0 3 0 3 0 1 0 3 0 3 0 3 0 3 0 1 0 3 0 3 0 3 0 3 0 
0 0 0 0 0 0 0 0 0 0 0 0 0 0 0 0 0 0 0 0 0 0 0 0 0 0 0 0 0 0 0 0 0 0 0 0 0 0 0 0 0 0 0 0 0 0 0 0 0 0 0 0 0 0 0 0 0 0 0 0 0 0 0 0 0 0 0 0 0 0 0 0 0 0 0 0 0 0 0 0 0 0 0 0 0 0 0 0 0 0 0 0 0 0 0 0 0 0 0 0 
3 0 3 0 3 0 3 0 3 0 1 0 3 0 3 0 3 0 3 0 1 0 3 0 3 0 3 0 3 0 1 0 3 0 3 0 3 0 3 0 1 0 3 0 3 0 3 0 3 0 1 0 3 0 3 0 3 0 3 0 1 0 3 0 3 0 3 0 3 0 1 0 3 0 3 0 3 0 3 0 1 0 3 0 3 0 3 0 3 0 1 0 3 0 3 0 3 0 3 0 
3 3 3 3 3 3 3 3 3 3 3 3 3 3 3 3 3 3 3 3 3 3 3 3 3 3 3 3 3 3 3 3 3 3 3 3 3 3 3 3 3 3 3 3 3 3 3 3 3 3 3 3 3 3 3 3 3 3 3 3 3 3 3 3 3 3 3 3 3 3 3 3 3 3 3 3 3 3 3 3 3 3 3 3 3 3 3 3 3 3 3 3 3 3 3 3 3 0 3 3 
3 0 3 0 3 0 3 0 3 0 1 0 3 0 3 0 3 0 3 0 1 0 3 0 3 0 3 0 3 0 1 0 3 0 3 0 3 0 3 0 1 0 3 0 3 0 3 0 3 0 1 0 3 0 3 0 3 0 3 0 1 0 3 0 3 0 3 0 3 0 1 0 3 0 3 0 3 0 3 0 1 0 3 0 3 0 3 0 3 0 1 0 3 0 3 0 3 0 3 0 
0 0 0 0 0 0 0 0 0 0 0 0 0 0 0 0 0 0 0 0 0 0 0 0 0 0 0 0 0 0 0 0 0 0 0 0 0 0 0 0 0 0 0 0 0 0 0 0 0 0 0 0 0 0 0 0 0 0 0 0 0 0 0 0 0 0 0 0 0 0 0 0 0 0 0 0 0 0 0 0 0 0 0 0 0 0 0 0 0 0 0 0 0 0 0 0 0 0 0 0 
3 0 3 0 3 0 3 0 3 0 1 0 3 0 3 0 3 0 3 0 1 0 3 0 3 0 3 0 3 0 1 0 3 0 3 0 3 0 3 0 1 0 3 0 3 0 3 0 3 0 1 0 3 0 3 0 3 0 3 0 1 0 3 0 3 0 3 0 3 0 1 0 3 0 3 0 3 0 3 0 1 0 3 0 3 0 3 0 3 0 1 0 3 0 3 0 3 0 3 0 
3 0 3 3 3 3 3 3 3 3 3 3 3 3 3 3 3 3 3 3 3 3 3 3 3 3 3 3 3 3 3 3 3 3 3 3 3 3 3 3 3 3 3 3 3 3 3 3 3 3 3 3 3 3 3 3 3 3 3 3 3 3 3 3 3 3 3 3 3 3 3 3 3 3 3 3 3 3 3 3 3 3 3 3 3 3 3 3 3 3 3 3 3 3 3 3 3 3 3 3 
3 0 3 0 3 0 3 0 3 0 1 0 3 0 3 0 3 0 3 0 1 0 3 0 3 0 3 0 3 0 1 0 3 0 3 0 3 0 3 0 1 0 3 0 3 0 3 0 3 0 1 0 3 0 3 0 3 0 3 0 1 0 3 0 3 0 3 0 3 0 1 0 3 0 3 0 3 0 3 0 1 0 3 0 3 0 3 0 3 0 1 0 3 0 3 0 3 0 3 0 
0 0 0 0 0 0 0 0 0 0 0 0 0 0 0 0 0 0 0 0 0 0 0 0 0 0 0 0 0 0 0 0 0 0 0 0 0 0 0 0 0 0 0 0 0 0 0 0 0 0 0 0 0 0 0 0 0 0 0 0 0 0 0 0 0 0 0 0 0 0 0 0 0 0 0 0 0 0 0 0 0 0 0 0 0 0 0 0 0 0 0 0 0 0 0 0 0 0 0 0 
3 0 3 0 3 0 3 0 3 0 1 0 3 0 3 0 3 0 3 0 1 0 3 0 3 0 3 0 3 0 1 0 3 0 3 0 3 0 3 0 1 0 3 0 3 0 3 0 3 0 1 0 3 0 3 0 3 0 3 0 1 0 3 0 3 0 3 0 3 0 1 0 3 0 3 0 3 0 3 0 1 0 3 0 3 0 3 0 3 0 1 0 3 0 3 0 3 0 3 0 
3 3 3 3 3 3 3 3 3 3 3 3 3 3 3 3 3 3 3 3 3 3 3 3 3 3 3 3 3 3 3 3 3 3 3 3 3 3 3 3 3 3 3 3 3 3 3 3 3 3 3 3 3 3 3 3 3 3 3 3 3 3 3 3 3 3 3 3 3 3 3 3 3 3 3 3 3 3 3 3 3 3 3 3 3 3 3 3 3 3 3 3 3 3 3 3 3 0 3 3 
3 0 3 0 3 0 3 0 3 0 1 0 3 0 3 0 3 0 3 0 1 0 3 0 3 0 3 0 3 0 1 0 3 0 3 0 3 0 3 0 1 0 3 0 3 0 3 0 3 0 1 0 3 0 3 0 3 0 3 0 1 0 3 0 3 0 3 0 3 0 1 0 3 0 3 0 3 0 3 0 1 0 3 0 3 0 3 0 3 0 1 0 3 0 3 0 3 0 3 0 
0 0 0 0 0 0 0 0 0 0 0 0 0 0 0 0 0 0 0 0 0 0 0 0 0 0 0 0 0 0 0 0 0 0 0 0 0 0 0 0 0 0 0 0 0 0 0 0 0 0 0 0 0 0 0 0 0 0 0 0 0 0 0 0 0 0 0 0 0 0 0 0 0 0 0 0 0 0 0 0 0 0 0 0 0 0 0 0 0 0 0 0 0 0 0 0 0 0 0 0 
3 0 3 0 3 0 3 0 3 0 1 0 3 0 3 0 3 0 3 0 1 0 3 0 3 0 3 0 3 0 1 0 3 0 3 0 3 0 3 0 1 0 3 0 3 0 3 0 3 0 1 0 3 0 3 0 3 0 3 0 1 0 3 0 3 0 3 0 3 0 1 0 3 0 3 0 3 0 3 0 1 0 3 0 3 0 3 0 3 0 1 0 3 0 3 0 3 0 3 0 
3 0 3 3 3 3 3 3 3 3 3 3 3 3 3 3 3 3 3 3 3 3 3 3 3 3 3 3 3 3 3 3 3 3 3 3 3 3 3 3 3 3 3 3 3 3 3 3 3 3 3 3 3 3 3 3 3 3 3 3 3 3 3 3 3 3 3 3 3 3 3 3 3 3 3 3 3 3 3 3 3 3 3 3 3 3 3 3 3 3 3 3 3 3 3 3 3 3 3 3 
3 0 3 0 3 0 3 0 3 0 1 0 3 0 3 0 3 0 3 0 1 0 3 0 3 0 3 0 3 0 1 0 3 0 3 0 3 0 3 0 1 0 3 0 3 0 3 0 3 0 1 0 3 0 3 0 3 0 3 0 1 0 3 0 3 0 3 0 3 0 1 0 3 0 3 0 3 0 3 0 1 0 3 0 3 0 3 0 3 0 1 0 3 0 3 0 3 0 3 0 
0 0 0 0 0 0 0 0 0 0 0 0 0 0 0 0 0 0 0 0 0 0 0 0 0 0 0 0 0 0 0 0 0 0 0 0 0 0 0 0 0 0 0 0 0 0 0 0 0 0 0 0 0 0 0 0 0 0 0 0 0 0 0 0 0 0 0 0 0 0 0 0 0 0 0 0 0 0 0 0 0 0 0 0 0 0 0 0 0 0 0 0 0 0 0 0 0 0 0 0 
3 0 3 0 3 0 3 0 3 0 1 0 3 0 3 0 3 0 3 0 1 0 3 0 3 0 3 0 3 0 1 0 3 0 3 0 3 0 3 0 1 0 3 0 3 0 3 0 3 0 1 0 3 0 3 0 3 0 3 0 1 0 3 0 3 0 3 0 3 0 1 0 3 0 3 0 3 0 3 0 1 0 3 0 3 0 3 0 3 0 1 0 3 0 3 0 3 0 3 0 
3 3 3 3 3 3 3 3 3 3 3 3 3 3 3 3 3 3 3 3 3 3 3 3 3 3 3 3 3 3 3 3 3 3 3 3 3 3 3 3 3 3 3 3 3 3 3 3 3 3 3 3 3 3 3 3 3 3 3 3 3 3 3 3 3 3 3 3 3 3 3 3 3 3 3 3 3 3 3 3 3 3 3 3 3 3 3 3 3 3 3 3 3 3 3 3 3 0 3 3 
3 0 3 0 3 0 3 0 3 0 1 0 3 0 3 0 3 0 3 0 1 0 3 0 3 0 3 0 3 0 1 0 3 0 3 0 3 0 3 0 1 0 3 0 3 0 3 0 3 0 1 0 3 0 3 0 3 0 3 0 1 0 3 0 3 0 3 0 3 0 1 0 3 0 3 0 3 0 3 0 1 0 3 0 3 0 3 0 3 0 1 0 3 0 3 0 3 0 3 0 
0 0 0 0 0 0 0 0 0 0 0 0 0 0 0 0 0 0 0 0 0 0 0 0 0 0 0 0 0 0 0 0 0 0 0 0 0 0 0 0 0 0 0 0 0 0 0 0 0 0 0 0 0 0 0 0 0 0 0 0 0 0 0 0 0 0 0 0 0 0 0 0 0 0 0 0 0 0 0 0 0 0 0 0 0 0 0 0 0 0 0 0 0 0 0 0 0 0 0 0 
3 0 3 0 3 0 3 0 3 0 1 0 3 0 3 0 3 0 3 0 1 0 3 0 3 0 3 0 3 0 1 0 3 0 3 0 3 0 3 0 1 0 3 0 3 0 3 0 3 0 1 0 3 0 3 0 3 0 3 0 1 0 3 0 3 0 3 0 3 0 1 0 3 0 3 0 3 0 3 0 1 0 3 0 3 0 3 0 3 0 1 0 3 0 3 0 3 0 3 0 
3 0 3 3 3 3 3 3 3 3 3 3 3 3 3 3 3 3 3 3 3 3 3 3 3 3 3 3 3 3 3 3 3 3 3 3 3 3 3 3 3 3 3 3 3 3 3 3 3 3 3 3 3 3 3 3 3 3 3 3 3 3 3 3 3 3 3 3 3 3 3 3 3 3 3 3 3 3 3 3 3 3 3 3 3 3 3 3 3 3 3 3 3 3 3 3 3 3 3 3 
3 0 3 0 3 0 3 0 3 0 1 0 3 0 3 0 3 0 3 0 1 0 3 0 3 0 3 0 3 0 1 0 3 0 3 0 3 0 3 0 1 0 3 0 3 0 3 0 3 0 1 0 3 0 3 0 3 0 3 0 1 0 3 0 3 0 3 0 3 0 1 0 3 0 3 0 3 0 3 0 1 0 3 0 3 0 3 0 3 0 1 0 3 0 3 0 3 0 3 0 
0 0 0 0 0 0 0 0 0 0 0 0 0 0 0 0 0 0 0 0 0 0 0 0 0 0 0 0 0 0 0 0 0 0 0 0 0 0 0 0 0 0 0 0 0 0 0 0 0 0 0 0 0 0 0 0 0 0 0 0 0 0 0 0 0 0 0 0 0 0 0 0 0 0 0 0 0 0 0 0 0 0 0 0 0 0 0 0 0 0 0 0 0 0 0 0 0 0 0 0 
3 0 3 0 3 0 3 0 3 0 1 0 3 0 3 0 3 0 3 0 1 0 3 0 3 0 3 0 3 0 1 0 3 0 3 0 3 0 3 0 1 0 3 0 3 0 3 0 3 0 1 0 3 0 3 0 3 0 3 0 1 0 3 0 3 0 3 0 3 0 1 0 3 0 3 0 3 0 3 0 1 0 3 0 3 0 3 0 3 0 1 0 3 0 3 0 3 0 3 0 
3 3 3 3 3 3 3 3 3 3 3 3 3 3 3 3 3 3 3 3 3 3 3 3 3 3 3 3 3 3 3 3 3 3 3 3 3 3 3 3 3 3 3 3 3 3 3 3 3 3 3 3 3 3 3 3 3 3 3 3 3 3 3 3 3 3 3 3 3 3 3 3 3 3 3 3 3 3 3 3 3 3 3 3 3 3 3 3 3 3 3 3 3 3 3 3 3 0 3 3 
3 0 3 0 3 0 3 0 3 0 1 0 3 0 3 0 3 0 3 0 1 0 3 0 3 0 3 0 3 0 1 0 3 0 3 0 3 0 3 0 1 0 3 0 3 0 3 0 3 0 1 0 3 0 3 0 3 0 3 0 1 0 3 0 3 0 3 0 3 0 1 0 3 0 3 0 3 0 3 0 1 0 3 0 3 0 3 0 3 0 1 0 3 0 3 0 3 0 3 0 
0 0 0 0 0 0 0 0 0 0 0 0 0 0 0 0 0 0 0 0 0 0 0 0 0 0 0 0 0 0 0 0 0 0 0 0 0 0 0 0 0 0 0 0 0 0 0 0 0 0 0 0 0 0 0 0 0 0 0 0 0 0 0 0 0 0 0 0 0 0 0 0 0 0 0 0 0 0 0 0 0 0 0 0 0 0 0 0 0 0 0 0 0 0 0 0 0 0 0 0 
3 0 3 0 3 0 3 0 3 0 1 0 3 0 3 0 3 0 3 0 1 0 3 0 3 0 3 0 3 0 1 0 3 0 3 0 3 0 3 0 1 0 3 0 3 0 3 0 3 0 1 0 3 0 3 0 3 0 3 0 1 0 3 0 3 0 3 0 3 0 1 0 3 0 3 0 3 0 3 0 1 0 3 0 3 0 3 0 3 0 1 0 3 0 3 0 3 0 3 0 
3 0 3 3 3 3 3 3 3 3 3 3 3 3 3 3 3 3 3 3 3 3 3 3 3 3 3 3 3 3 3 3 3 3 3 3 3 3 3 3 3 3 3 3 3 3 3 3 3 3 3 3 3 3 3 3 3 3 3 3 3 3 3 3 3 3 3 3 3 3 3 3 3 3 3 3 3 3 3 3 3 3 3 3 3 3 3 3 3 3 3 3 3 3 3 3 3 3 3 3 
3 0 3 0 3 0 3 0 3 0 1 0 3 0 3 0 3 0 3 0 1 0 3 0 3 0 3 0 3 0 1 0 3 0 3 0 3 0 3 0 1 0 3 0 3 0 3 0 3 0 1 0 3 0 3 0 3 0 3 0 1 0 3 0 3 0 3 0 3 0 1 0 3 0 3 0 3 0 3 0 1 0 3 0 3 0 3 0 3 0 1 0 3 0 3 0 3 0 3 0 
0 0 0 0 0 0 0 0 0 0 0 0 0 0 0 0 0 0 0 0 0 0 0 0 0 0 0 0 0 0 0 0 0 0 0 0 0 0 0 0 0 0 0 0 0 0 0 0 0 0 0 0 0 0 0 0 0 0 0 0 0 0 0 0 0 0 0 0 0 0 0 0 0 0 0 0 0 0 0 0 0 0 0 0 0 0 0 0 0 0 0 0 0 0 0 0 0 0 0 0 
3 0 3 0 3 0 3 0 3 0 1 0 3 0 3 0 3 0 3 0 1 0 3 0 3 0 3 0 3 0 1 0 3 0 3 0 3 0 3 0 1 0 3 0 3 0 3 0 3 0 1 0 3 0 3 0 3 0 3 0 1 0 3 0 3 0 3 0 3 0 1 0 3 0 3 0 3 0 3 0 1 0 3 0 3 0 3 0 3 0 1 0 3 0 3 0 3 0 3 0 
3 3 3 3 3 3 3 3 3 3 3 3 3 3 3 3 3 3 3 3 3 3 3 3 3 3 3 3 3 3 3 3 3 3 3 3 3 3 3 3 3 3 3 3 3 3 3 3 3 3 3 3 3 3 3 3 3 3 3 3 3 3 3 3 3 3 3 3 3 3 3 3 3 3 3 3 3 3 3 3 3 3 3 3 3 3 3 3 3 3 3 3 3 3 3 3 3 0 3 3 
3 0 3 0 3 0 3 0 3 0 1 0 3 0 3 0 3 0 3 0 1 0 3 0 3 0 3 0 3 0 1 0 3 0 3 0 3 0 3 0 1 0 3 0 3 0 3 0 3 0 1 0 3 0 3 0 3 0 3 0 1 0 3 0 3 0 3 0 3 0 1 0 3 0 3 0 3 0 3 0 1 0 3 0 3 0 3 0 3 0 1 0 3 0 3 0 3 0 3 0 
0 0 0 0 0 0 0 0 0 0 0 0 0 0 0 0 0 0 0 0 0 0 0 0 0 0 0 0 0 0 0 0 0 0 0 0 0 0 0 0 0 0 0 0 0 0 0 0 0 0 0 0 0 0 0 0 0 0 0 0 0 0 0 0 0 0 0 0 0 0 0 0 0 0 0 0 0 0 0 0 0 0 0 0 0 0 0 0 0 0 0 0 0 0 0 0 0 0 0 0 
3 0 3 0 3 0 3 0 3 0 1 0 3 0 3 0 3 0 3 0 1 0 3 0 3 0 3 0 3 0 1 0 3 0 3 0 3 0 3 0 1 0 3 0 3 0 3 0 3 0 1 0 3 0 3 0 3 0 3 0 1 0 3 0 3 0 3 0 3 0 1 0 3 0 3 0 3 0 3 0 1 0 3 0 3 0 3 0 3 0 1 0 3 0 3 0 3 0 3 0 
3 0 3 3 3 3 3 3 3 3 3 3 3 3 3 3 3 3 3 3 3 3 3 3 3 3 3 3 3 3 3 3 3 3 3 3 3 3 3 3 3 3 3 3 3 3 3 3 3 3 3 3 3 3 3 3 3 3 3 3 3 3 3 3 3 3 3 3 3 3 3 3 3 3 3 3 3 3 3 3 3 3 3 3 3 3 3 3 3 3 3 3 3 3 3 3 3 3 3 3 
3 0 3 0 3 0 3 0 3 0 1 0 3 0 3 0 3 0 3 0 1 0 3 0 3 0 3 0 3 0 1 0 3 0 3 0 3 0 3 0 1 0 3 0 3 0 3 0 3 0 1 0 3 0 3 0 3 0 3 0 1 0 3 0 3 0 3 0 3 0 1 0 3 0 3 0 3 0 3 0 1 0 3 0 3 0 3 0 3 0 1 0 3 0 3 0 3 0 3 0 
0 0 0 0 0 0 0 0 0 0 0 0 0 0 0 0 0 0 0 0 0 0 0 0 0 0 0 0 0 0 0 0 0 0 0 0 0 0 0 0 0 0 0 0 0 0 0 0 0 0 0 0 0 0 0 0 0 0 0 0 0 0 0 0 0 0 0 0 0 0 0 0 0 0 0 0 0 0 0 0 0 0 0 0 0 0 0 0 0 0 0 0 0 0 0 0 0 0 0 0 
3 0 3 0 3 0 3 0 3 0 1 0 3 0 3 0 3 0 3 0 1 0 3 0 3 0 3 0 3 0 1 0 3 0 3 0 3 0 3 0 1 0 3 0 3 0 3 0 3 0 1 0 3 0 3 0 3 0 3 0 1 0 3 0 3 0 3 0 3 0 1 0 3 0 3 0 3 0 3 0 1 0 3 0 3 0 3 0 3 0 1 0 3 0 3 0 3 0 3 0 
3 0 3 3 3 3 3 3 3 3 3 3 3 3 3 3 3 3 3 3 3 3 3 3 3 3 3 3 3 3 3 3 3 3 3 3 3 3 3 3 3 3 3 3 3 3 3 3 3 3 3 3 3 3 3 3 3 3 3 3 3 3 3 3 3 3 3 3 3 3 3 3 3 3 3 3 3 3 3 3 3 3 3 3 3 3 3 3 3 3 3 3 3 3 3 3 3 2 3 3 